0.498156
0.751287
0.798673
0.555896
0.763341
0.830846
1.113722
1.272002
0.645745
1.224004
0.923439
0.523712
0.999363
0.957737
1.070472
0.985017
0.732822
0.684326
0.916394
0.798705
1.322515
0.944709
0.569468
0.706787
0.698639
0.585827
0.762265
0.865250
0.845288
0.953327
0.529843
0.635875
0.831392
0.705153
0.986345
0.945351
0.576356
0.847105
0.583656
0.595959
1.099476
1.002574
0.777106
0.965127
0.934661
1.033979
0.425383
0.918306
0.739071
0.802131
1.239036
0.744384
0.984619
1.110247
0.880805
1.522402
0.637834
0.671050
0.768619
0.674650
0.908278
0.941287
0.577108
1.023238
0.593986
0.997252
0.994966
1.059371
0.955068
1.305445
0.729438
0.879553
1.063295
1.134980
0.584664
0.822382
1.638625
0.952805
1.200059
1.053006
0.970040
0.612670
0.902588
0.679170
1.050676
1.023297
1.355574
0.840388
1.098643
1.360000
1.109991
0.615145
1.096588
0.579610
1.243937
0.823632
0.961340
0.485209
0.895017
0.699607
0.777957
0.813922
0.795016
0.625040
0.753300
1.257184
0.646447
1.382095
0.881911
0.914587
0.516087
0.580055
0.774962
0.732732
0.732476
0.756422
0.615523
1.146063
1.116854
1.056680
0.765198
1.005707
0.684970
1.228567
1.006281
1.125795
0.769002
1.270000
1.199650
1.394323
1.347348
0.895193
0.727108
1.297582
0.576788
0.831219
0.790635
0.828474
1.032718
0.891804
1.059779
1.049622
1.048335
0.783739
0.524812
0.900742
1.163153
0.419631
0.822944
1.090763
1.664896
1.078829
0.761197
0.670685
0.803103
0.733685
0.661040
1.058201
0.455584
0.530112
1.095937
0.891974
1.089903
0.900793
0.703903
0.628862
1.042358
0.953793
0.419891
1.035701
1.563900
0.679106
0.545143
0.885055
0.744845
1.502346
0.803451
0.971588
1.229862
1.239849
1.235126
0.785393
0.869836
0.793714
0.998300
0.685676
0.978697
0.994456
0.985982
1.205016
1.053836
1.177317
1.004170
1.210394
1.172657
0.883062
0.870820
0.256468
0.799933
0.768868
0.949819
1.120165
0.890567
0.554545
0.758915
0.703745
0.689352
1.112205
0.844817
1.015529
0.620536
1.286005
1.058049
1.268052
1.015841
1.255705
0.820723
1.090588
0.440722
1.030920
0.915853
0.643972
1.202152
1.027503
1.040533
0.680140
0.878505
1.305991
0.795911
0.884758
0.786737
0.584498
1.015861
1.322175
0.911967
0.841546
0.892941
1.076301
1.214342
1.252642
1.067172
1.534628
0.520730
1.046342
1.091339
0.843848
0.569575
0.999145
0.842679
0.243309
1.119464
1.115051
0.883834
0.714132
0.841155
1.234206
0.969255
0.980203
0.718449
0.406693
0.715280
1.583355
1.099638
0.909819
1.382426
0.658255
0.816373
1.301122
0.583384
1.283405
0.486307
0.608498
0.902503
0.575152
0.449246
1.147480
0.799917
1.130028
0.971581
0.874146
0.868835
1.138493
0.832377
1.361168
0.524683
0.931154
1.307730
0.961960
1.154811
1.226257
0.936743
0.909377
0.805883
1.120802
0.934247
0.830141
0.634057
0.960725
0.732479
1.442829
0.963752
0.655978
0.711143
0.810047
0.934509
0.606280
1.376117
0.855469
0.699975
0.166272
1.026620
0.920697
0.634966
0.553966
0.721430
0.902375
0.766861
1.107737
1.227830
1.471097
0.862643
1.017735
0.742150
1.005595
1.220823
0.867177
0.703367
0.698392
0.543145
1.185573
0.676783
0.632866
0.956667
1.112902
1.122176
0.603478
0.682641
0.622283
0.916127
1.100100
0.685242
0.693938
1.223787
0.971000
0.782964
0.867623
0.481211
0.824919
1.188795
0.590513
0.766450
0.791266
0.971518
1.194518
1.316961
1.119434
0.803823
0.578725
1.140531
1.358574
1.255377
0.870436
0.727944
0.738706
1.115089
0.828487
0.740971
1.165459
1.065101
0.959139
0.680844
0.986277
1.028902
1.012054
1.220551
0.551286
1.176285
1.070609
1.023640
0.827760
1.283000
0.854286
0.969436
0.958111
0.864086
0.747563
0.628968
1.172814
1.177522
1.231936
0.886573
0.523365
0.898663
1.145094
0.966859
1.006896
1.314305
1.000646
1.152246
1.153723
0.678364
0.867015
0.846138
0.778333
0.879730
0.697343
0.764418
0.492775
1.459065
1.013997
0.605583
1.172880
0.614190
0.626557
0.997623
0.855516
0.858820
1.016828
0.701446
0.637322
0.583060
0.975381
0.718792
1.178666
0.598755
0.654059
0.826163
1.407641
0.643689
0.708999
0.600036
1.318305
0.410938
0.626076
0.756818
1.021031
1.196645
0.494328
0.780625
0.764869
0.580827
0.374981
1.323734
1.060823
0.975666
1.275975
1.078786
0.548992
1.373077
0.797322
1.282256
0.764690
0.897803
1.349223
1.572138
0.983735
1.083910
1.040517
0.589540
0.833446
0.566050
0.716948
0.657434
0.531627
1.240495
1.379295
1.404289
0.697993
0.570641
1.313765
0.940360
0.687236
0.736297
0.880328
0.903344
1.024774
0.926067
1.044371
0.892413
0.877555
1.036954
0.765799
0.460388
1.182786
0.937769
1.063016
0.625156
0.683447
0.650774
1.131654
1.113802
0.770918
1.093627
0.399178
0.964791
0.548564
1.237858
1.078533
1.108485
1.145762
0.943264
1.160026
0.870760
0.819723
1.074214
1.286344
0.798416
1.014876
0.813021
0.995548
0.919305
1.095102
1.022372
0.488133
1.088909
1.048348
1.091286
1.053791
0.659286
0.786008
1.255989
0.923520
0.761894
1.249451
0.728995
0.626143
0.779789
0.938860
0.826146
0.580722
0.932160
0.639617
0.584779
1.184244
1.129174
0.848196
1.073248
1.070051
1.074498
1.072817
1.240100
0.718394
0.653556
0.796333
0.609531
0.753862
0.849136
0.701677
0.834338
1.019103
1.035310
0.601688
1.282329
0.852678
0.957305
0.876103
1.029108
0.761859
0.963724
0.907867
1.070335
0.729395
1.137153
1.271055
1.072703
0.704530
0.777452
0.762232
0.719820
1.013749
1.121407
1.002267
0.446886
0.620970
1.198737
0.557535
0.684811
0.975073
0.784320
1.019149
0.698476
0.553699
0.821346
1.309193
0.968824
0.702754
1.127305
0.765320
0.463477
0.788371
1.097613
0.952577
0.759388
0.738602
1.073337
0.716129
1.281899
1.063762
1.154290
0.611591
0.471936
0.697144
0.675007
0.190548
1.144842
1.155601
0.726058
0.643521
0.855191
1.348971
0.459495
0.719225
0.706068
0.809523
0.654321
0.851417
1.290409
0.836934
0.439740
0.920069
0.950947
1.149411
0.629486
1.138646
0.891634
0.871813
0.957226
0.870684
1.097964
0.959292
0.665844
0.955603
1.207449
0.925778
0.557913
0.776571
0.915585
0.771577
1.017248
0.593899
0.885220
0.904712
0.878940
1.354850
0.501427
0.911712
0.538444
0.970272
1.043674
0.705532
0.811699
0.290870
0.666748
1.142592
1.124077
0.872045
0.745412
1.276934
0.767084
0.673243
0.885804
0.979842
1.149780
1.216685
0.928742
0.707004
0.967509
0.858763
0.878417
0.498147
1.100560
0.565473
1.152227
0.924679
1.002125
0.664591
0.918367
0.677978
1.086449
0.811777
1.216651
1.115909
0.856917
0.334914
1.300616
0.940299
0.781246
0.816374
0.607122
1.440786
1.124210
1.233214
1.053056
0.731361
0.539508
1.163765
1.184429
1.263684
0.835081
1.032432
1.031213
0.858231
0.836133
0.751524
0.524748
1.188017
0.954704
1.114469
0.912502
1.385059
0.945516
1.453232
0.881776
0.918389
1.118322
0.335999
0.916674
0.375686
0.525566
1.035365
0.781896
1.346252
0.900115
0.695561
1.075488
0.442562
0.739659
0.579547
1.127768
0.950371
0.995007
1.083570
1.013243
0.425856
0.906618
0.832349
0.647262
0.924156
0.988606
0.577748
1.156397
1.034486
0.975276
0.655936
0.764520
0.885604
0.435530
0.850334
0.271711
0.640426
0.479037
1.201818
1.274087
0.900303
0.958432
0.652267
0.903116
1.026156
1.137720
0.647153
1.135436
0.949782
1.078698
0.878574
1.233054
0.632408
0.357406
0.977365
1.089207
0.986280
1.492095
1.058027
0.886607
1.259100
0.662571
1.186401
1.134614
0.441331
0.814641
1.087900
1.054059
1.070406
0.917907
1.261242
1.078657
0.774737
0.724637
1.162320
0.666843
1.033795
1.045620
1.335159
1.288559
0.671732
0.547474
1.029227
1.027367
1.108153
1.083714
1.200871
1.394561
0.548999
0.903706
0.894767
1.341492
0.731061
0.824874
1.159377
0.597062
0.790571
0.547271
0.896352
0.925072
0.798819
1.134374
1.050890
1.359558
1.326784
0.829463
0.847759
0.833128
1.089111
0.662982
1.217305
1.230038
0.933211
0.993927
1.007927
1.108993
0.938704
0.694714
1.043008
0.566340
0.600235
0.932734
1.080102
1.215339
0.588080
0.535776
1.186154
0.910651
0.888932
0.929417
1.270969
1.013194
0.869238
1.006574
0.898188
0.927691
1.039562
0.807656
1.181208
0.751315
0.476038
0.527271
0.991326
0.907233
0.927189
0.777810
0.561387
0.464493
0.729699
1.007684
0.708384
0.815539
0.872869
1.043101
0.478568
0.856873
0.759280
0.438777
1.464206
1.432160
1.063488
0.739152
1.080152
0.955576
0.592722
0.679332
0.662654
1.173875
0.985797
0.896181
1.088232
0.915674
1.324893
0.815354
0.674120
0.536556
0.825739
1.154845
0.853942
1.068200
0.753062
0.657657
0.938025
0.535862
0.715162
0.400810
0.968856
1.194847
0.613869
0.779479
0.888287
0.896976
0.957892
0.792280
0.928609
0.926689
0.554808
0.955305
0.732557
0.965836
0.918663
0.677851
1.169142
1.207645
0.949852
1.012061
0.757998
0.654007
0.746725
0.833073
0.767776
1.110508
1.182550
0.829426
1.017445
0.939030
0.836192
0.703172
0.525435
0.700737
1.091834
1.056380
0.345192
0.786531
1.028434
1.272912
0.907739
0.763216
0.849891
1.331991
0.896150
1.338575
0.657068
0.453909
0.866942
0.988574
1.115855
0.593759
1.037426
1.176727
0.896568
0.749201
0.740306
1.063980
0.865767
0.770968
0.944322
1.199385
0.993520
0.995756
1.074130
1.072459
1.191546
1.431455
0.779693
0.932890
0.589646
0.864928
1.066210
1.541863
0.775709
0.786295
1.145063
1.170403
1.151607
0.817553
0.683729
0.851228
1.345912
0.720452
1.067195
1.167252
0.492735
0.800962
0.808746
0.703112
1.186652
0.440666
1.116022
0.882416
1.187559
0.850267
1.256730
1.226978
0.535284
1.010769
0.622576
1.091603
0.712953
0.742758
1.190372
0.903880
0.994007
1.230224
1.026965
0.851499
0.942238
1.247877
1.178773
0.895047
1.321328
0.162347
0.444394
0.566080
1.136458
1.071761
1.290744
0.800506
0.948638
0.604089
0.669380
0.534052
0.587205
0.555354
0.873283
1.247700
1.105595
0.902352
0.781817
1.228516
0.116503
1.070966
0.752514
0.583703
1.035425
0.785675
0.562795
1.153538
0.535218
0.469611
1.286200
0.801362
0.983926
0.949450
0.953472
0.911391
0.517730
0.565704
0.940691
1.131890
0.851498
0.552214
0.437196
0.996312
1.040827
0.609887
0.986611
0.549408
1.260299
0.851024
0.843846
1.077997
0.759891
0.878919
0.818730
1.068683
0.677614
0.848187
0.740990
1.191367
1.058560
0.945252
0.650488
1.183597
1.053527
1.083377
1.136465
0.935925
1.001107
0.519071
0.781545
0.974156
1.170645
1.374464
0.363775
0.710258
0.648210
0.919550
1.426466
1.132305
0.649852
1.106588
0.946052
1.130357
0.915505
1.084371
0.983758
1.163077
0.885365
1.370031
1.332238
0.848257
0.570016
0.903897
0.545456
1.014875
1.017233
0.903518
0.952599
1.119108
0.862544
0.928950
0.995968
0.395606
1.232073
0.628535
1.095854
0.988824
1.028111
1.093298
1.092509
0.459233
1.151803
1.260151
1.107132
0.950052
1.021504
0.954327
0.814282
0.765690
1.562017
0.606300
0.808770
0.821937
1.123574
1.085964
0.904513
0.959305
0.777940
0.770819
0.986977
0.769634
0.910359
1.050225
0.746753
1.208577
1.042300
1.271941
1.094853
0.720849
1.104528
0.431451
0.942594
1.290353
1.205169
0.948238
0.577419
0.954713
0.773696
0.969900
0.720843
0.891451
1.235741
0.925974
1.104574
0.870378
0.989590
0.804193
0.820314
0.692195
1.189630
0.899597
1.007301
0.664639
0.770352
0.995651
0.534408
0.695814
1.209808
1.094840
1.265712
1.366764
0.885247
0.406486
0.748005
0.777045
1.055152
0.510438
1.444449
0.653467
0.974109
0.721967
1.358503
0.873768
1.025642
1.192740
1.029009
0.891461
1.050623
0.716072
0.905336
1.106346
0.814402
1.008495
0.477329
0.939944
1.149764
0.604721
0.946323
0.920985
0.879250
1.369049
1.024037
0.911017
0.774779
0.879481
0.696231
1.246772
1.124157
0.859372
0.340624
1.147874
0.949088
0.249539
1.181162
1.139607
1.162311
1.007876
0.914610
1.124533
0.845419
0.516053
1.074785
0.592797
0.333271
0.918164
0.984005
1.160177
1.533249
1.250367
1.037425
1.239088
0.872766
0.778853
1.082219
0.502058
0.945384
1.110025
1.123691
0.668406
0.537823
0.528394
1.048452
0.806995
0.572864
1.406330
1.005917
0.603000
1.094344
1.158615
1.114381
0.913105
1.122123
0.842807
0.791315
1.150568
0.984693
0.838985
1.267714
0.836230
0.516796
0.810682
0.545563
0.818162
0.871984
1.116543
0.952260
0.678102
0.748878
1.045860
0.340398
0.981876
0.681963
0.907333
1.421462
0.950805
1.270912
0.573654
1.098921
1.083579
0.728194
0.909025
1.042601
0.526934
1.101560
1.130114
0.455066
0.481336
0.713507
1.063918
0.839439
0.899888
1.117967
0.944287
0.759814
0.541075
1.238670
0.781284
0.996102
0.909901
0.752724
0.823023
1.080786
1.246393
0.433069
0.643472
0.876950
0.799739
1.143579
0.578277
0.712014
0.422877
0.794996
1.070730
1.194263
0.928612
1.200762
0.812495
0.416535
0.947180
0.760042
0.468889
1.099700
1.110360
1.202671
0.973598
0.596819
0.755298
1.358383
1.326581
0.841781
0.977213
0.958427
1.041272
0.902432
0.945771
0.800344
0.764844
1.163579
0.532955
1.132026
1.034980
1.068875
1.113230
0.385212
0.923299
0.727371
1.014857
0.592594
1.044527
1.095759
1.054945
0.936777
0.957328
0.837901
1.441509
1.318318
0.509258
1.463814
0.730009
1.222319
1.160143
0.719667
1.281684
1.040832
0.726340
1.003666
1.053050
1.099286
0.844350
1.211709
0.802546
0.924881
0.963706
0.987395
1.518527
1.610543
1.084230
1.283647
0.576875
0.891625
0.703568
0.968241
0.692696
0.837408
0.525371
0.792532
0.957193
0.525062
0.604932
1.045774
1.013252
0.839100
0.816170
1.070887
1.142235
0.534530
1.075292
0.657791
1.148464
0.688557
1.012749
1.033989
0.592992
0.689732
1.128662
0.736464
1.398292
0.950436
1.145382
0.924617
0.956197
1.007452
0.976977
0.638608
0.899640
1.567099
0.804350
1.016000
0.322288
0.520751
0.693190
1.102308
0.920161
0.691577
0.913100
0.808510
0.892700
1.048864
0.939407
0.995153
0.914738
0.876397
0.562980
1.054031
0.806206
1.032780
1.105110
1.215770
1.092932
1.460890
0.513005
0.753329
0.842992
0.770652
1.115555
1.125514
0.780697
1.128336
0.953526
0.448624
0.773076
0.487849
0.747452
0.680300
0.444250
0.938947
0.700216
1.206418
0.316528
1.021962
1.019109
1.166177
0.863972
0.953710
0.614969
1.049832
0.844021
1.283239
1.015248
0.999674
1.003304
0.827820
0.683599
0.690790
1.492577
0.977541
1.125823
1.142228
1.135582
1.251077
1.299574
1.061261
0.980330
1.144786
0.419248
0.658798
1.166541
1.400667
0.876066
0.356383
0.878599
1.242360
1.015935
1.105784
0.995234
0.830318
0.580652
1.003433
0.381272
0.817656
0.205458
1.338657
1.081680
1.218524
0.832186
0.499357
0.938822
0.818856
0.998715
1.248193
1.114228
0.938535
0.755045
0.745643
0.872837
0.928516
0.931616
1.328621
0.893658
1.019392
0.872714
1.115179
0.911084
0.452637
0.621147
1.308559
1.112073
1.016797
1.319896
0.792563
0.637341
1.000087
0.945680
0.845039
0.982685
0.784173
0.704160
1.215361
1.297849
0.375804
0.862012
0.649820
0.979022
0.443645
1.127999
0.865166
0.780075
1.014064
0.682132
1.072570
0.698811
1.555484
1.403496
0.374184
0.951313
1.094524
1.282195
0.935820
0.612362
1.118591
1.176521
0.718484
1.188400
1.045429
0.811738
0.896170
0.694645
1.348546
1.236629
0.998336
0.720319
0.559266
1.012094
0.952734
1.049308
0.753834
0.856142
0.743019
0.879114
0.740696
0.881613
0.812472
0.857204
0.893691
0.886334
0.643954
0.989237
1.087213
1.010519
0.545815
0.431293
0.913833
1.130299
0.982314
1.251978
0.761636
0.211404
0.959702
0.907808
0.655992
0.860166
0.886959
1.381707
0.737081
0.901338
1.121117
0.963415
1.051043
0.754813
0.706102
0.444400
1.097138
0.439073
0.617686
1.102137
1.288404
1.470027
0.984793
0.857174
0.765315
0.441177
1.051027
0.390493
0.892829
0.510126
0.730104
0.975804
0.973588
0.579692
1.041462
0.529862
1.336557
0.997785
0.944818
0.705956
0.973108
1.264902
1.210583
0.933109
1.113886
1.126635
0.509631
0.716612
0.835219
1.273648
0.986522
0.580198
1.028649
1.130543
1.225244
0.951820
1.226464
1.223631
0.551777
1.137919
0.710005
0.724676
1.180329
0.614371
0.822884
0.926744
1.109244
1.527416
1.013966
0.681098
1.130519
0.694904
0.897781
1.258926
1.240805
0.809512
1.047385
0.951857
1.092060
1.150168
1.192518
0.916355
0.895417
0.913260
0.997396
1.077281
1.320811
1.156972
0.512516
1.052244
1.153117
0.992369
1.171848
1.198904
1.017821
0.897255
0.791207
1.187668
0.675528
1.340957
0.820583
1.127538
0.975359
1.076594
1.394622
0.558115
0.761836
0.563986
0.812652
0.619368
0.939758
1.108295
0.548795
0.909683
0.723545
0.691483
0.701809
0.453532
0.460049
0.860548
1.278174
0.808111
0.639091
0.297747
0.908332
0.753506
0.739447
1.013782
0.890066
1.002211
0.976247
0.848835
1.099656
0.778450
1.093819
0.832659
0.856105
0.518723
0.433030
1.103341
0.919898
0.553402
0.694478
0.860365
1.121317
0.798467
1.487517
0.357796
0.505946
1.079293
1.044618
0.793682
1.204015
0.798394
0.845373
0.812408
0.591515
0.951205
1.109944
0.488809
0.913850
0.909709
0.510677
0.856786
1.315646
0.940028
1.098873
0.970600
0.691716
1.431828
0.290874
0.769167
0.510786
0.732134
1.106297
0.934122
0.652301
1.415885
0.876087
1.067027
0.454864
0.744603
0.718292
0.438771
0.753490
0.731491
0.778628
0.612246
0.892102
1.454733
1.480784
0.331353
1.045019
0.761593
1.039761
0.760724
1.008627
0.928926
1.141736
0.396755
1.146364
0.979981
1.302343
0.939912
1.118733
1.145418
0.818943
0.909261
1.147397
1.573431
1.129310
1.120301
0.825906
0.527380
1.092154
1.055967
1.280249
0.511725
1.152901
1.156818
1.352710
1.171438
1.192738
1.051878
0.996975
1.093152
0.743966
1.190037
0.701997
1.207228
0.726359
0.835026
1.212198
0.832614
0.963524
1.112675
0.836644
0.700717
1.055191
1.333199
0.563534
0.889377
0.771507
0.972868
0.693866
0.670464
1.212343
0.652635
0.718485
0.855620
0.951554
0.959692
0.962051
1.037647
0.727793
0.983459
0.537602
0.948952
0.807272
0.956118
0.262972
0.947105
0.796268
1.308542
0.514254
1.279678
1.036584
0.839739
1.210203
0.457318
0.657005
0.509016
0.463370
1.090634
0.898834
0.554248
1.215107
0.882230
1.035893
0.826434
1.103007
1.076362
0.992201
0.601458
0.833222
0.786067
0.876988
0.743456
1.198846
0.666357
1.014573
0.998672
0.566443
0.916448
0.504972
1.065636
0.838387
1.011534
0.866740
0.692208
1.088710
0.953070
0.573596
1.135765
0.955623
1.092392
1.117607
1.111631
0.945994
0.605182
0.881659
0.639955
0.818985
0.531849
0.959069
1.248421
1.124273
0.306707
0.839205
0.857035
1.070644
0.466601
0.286326
0.563892
1.016713
0.555970
1.162859
0.995009
0.855960
1.038103
0.910486
1.104793
0.464272
0.721096
1.176023
0.916423
0.763152
0.325454
0.735673
0.787679
0.975341
0.467411
1.152798
0.970402
0.798491
0.962803
0.552081
0.845204
0.584292
1.066210
1.216364
1.315491
0.391291
0.811347
0.405186
1.220916
0.756002
1.078795
0.968011
0.866058
0.561495
0.970294
0.805455
0.401045
1.067336
0.809894
0.823284
1.034953
0.543610
0.678264
0.527554
1.143435
0.613236
1.122376
1.045407
1.190480
0.543415
1.339795
0.857928
0.884933
1.186918
0.928872
0.601296
0.560042
0.703211
0.952887
1.285821
1.056762
0.993105
0.972996
0.928720
1.193997
1.540719
0.704828
0.876511
0.855680
0.744558
0.906848
0.857009
1.030302
0.876970
1.243177
0.596877
1.272357
0.668088
0.383039
1.065694
0.658335
1.065951
0.896064
0.928814
1.157724
0.732850
0.903512
0.964242
0.775985
0.649886
0.750318
0.783378
1.068984
0.998461
0.917230
0.921846
1.061169
0.789315
1.482505
0.739131
0.342254
0.852415
0.818238
1.071612
1.176002
0.793445
0.987952
1.563908
0.550856
0.999057
1.283747
0.862554
1.333109
0.502451
1.434130
0.618975
0.807384
0.819195
0.814582
0.968129
0.727662
0.784023
1.324088
0.928463
0.834279
1.274698
0.973411
0.908784
1.271852
1.122805
0.632425
0.897143
1.253354
0.711534
0.708391
0.837402
0.927147
0.958915
0.973144
0.920442
0.933902
0.974227
0.709524
1.084703
0.754824
1.416702
1.057530
0.892650
0.712757
1.105083
1.049005
0.874784
0.817963
0.910355
1.268622
0.824290
1.410820
1.102552
1.331994
0.762604
1.122798
1.202171
1.162015
0.844433
1.247847
0.886283
0.853314
1.088884
0.644680
1.073334
0.611036
1.008047
0.837060
1.369066
0.744754
0.527086
0.749643
0.736300
1.018596
1.016022
0.937596
1.229994
0.603021
0.961889
0.868079
0.876676
1.760425
1.205883
0.898696
0.940991
0.961207
1.403710
0.788480
0.557747
0.945494
0.841374
0.971279
0.673803
0.561703
0.750369
0.696705
0.993983
0.635637
0.925934
1.244953
1.014077
0.957032
1.348713
0.575683
1.021060
0.736456
0.636440
0.988646
1.153183
1.098870
1.076864
1.104639
0.942157
0.937520
1.226863
0.463544
1.068364
0.757898
0.611455
1.189192
0.769940
0.751155
1.334802
1.027965
1.015590
1.052658
0.838278
0.939552
1.022213
1.071718
0.457741
0.266288
0.957397
0.801339
1.206233
0.985203
1.147970
0.986741
0.796952
0.970272
0.546587
0.516763
1.087216
1.158615
1.108350
1.047744
0.856904
0.607256
1.112399
0.910309
1.041439
0.937913
0.515738
0.784913
0.759669
0.881469
1.490861
0.658433
1.146227
0.966945
0.867426
0.703032
0.798120
0.899600
0.529262
1.020877
0.993545
0.882519
1.349809
0.786562
0.727382
1.026726
1.162411
1.020203
1.081219
1.401494
0.480756
0.779141
1.402737
1.182592
1.196600
0.471634
0.722550
0.831485
1.172541
0.888521
1.043794
0.650262
1.050218
1.083890
0.671144
0.708514
0.576336
1.181458
0.833416
0.729257
0.911335
0.942564
1.057315
1.065850
1.102779
1.413247
0.868412
0.516587
0.537006
1.219746
1.123639
1.087211
0.634386
0.838826
0.611076
0.798100
0.999379
0.957689
1.249567
0.841927
0.988333
0.653982
0.902234
0.939461
0.949243
1.232902
1.144360
0.854095
0.857913
0.824757
1.151094
1.043623
0.720832
0.885565
1.093443
0.687291
1.170284
0.737336
0.696826
0.956290
0.957318
0.702315
0.801454
1.051579
0.999112
0.823321
0.674630
1.209747
1.303053
0.867330
0.968884
0.934183
0.494732
1.041592
1.135148
1.118435
1.043989
0.744492
1.205749
1.112002
0.975330
1.298709
0.942659
1.110699
1.226166
1.146651
0.741736
0.577294
0.605256
0.874084
0.818249
1.257521
0.658990
0.890680
0.659026
0.711895
0.828802
0.906491
0.853161
0.679631
1.086621
0.945148
1.085536
1.196692
1.176221
0.659284
1.016241
0.607410
1.174517
1.081480
1.247758
0.605500
0.714887
0.961015
0.767432
1.198308
0.448605
1.103592
0.778166
1.000885
0.847157
0.805218
1.232752
1.180844
0.577969
0.779724
0.670756
0.607670
1.387550
0.817564
1.062723
1.075884
0.799086
0.951770
0.598352
0.800975
1.154688
1.020498
0.837679
0.478515
1.109783
0.731574
0.749034
1.321038
0.967812
0.503973
0.959898
1.091758
1.337254
1.077025
1.167435
0.755171
0.727207
0.994769
1.204329
1.242384
0.376794
1.042773
1.369733
0.972139
0.452638
1.088369
1.194322
0.438320
0.962430
1.172860
1.127041
0.523752
0.917219
0.994979
0.787247
0.713584
1.424222
0.686729
1.474431
0.970305
1.068013
0.381403
0.834543
0.844857
0.805049
0.857286
0.607665
1.264958
0.980063
1.123194
0.836175
1.187826
0.812753
0.621319
0.947070
0.919121
0.996372
0.872303
1.242222
0.706221
1.065013
0.722644
0.560944
0.783796
1.259927
0.697170
0.702217
0.793756
0.496260
1.084287
0.760263
1.110265
1.161691
0.961176
1.153329
0.492940
0.949003
0.772057
1.061165
0.990042
0.822802
1.218307
0.582856
1.263715
0.405276
0.762858
0.825363
0.688686
1.223217
1.153999
0.885102
0.575614
1.100724
0.613212
0.171574
0.694386
0.454002
1.351113
1.191086
0.502139
1.088529
1.168245
0.393533
1.116653
1.362889
0.650941
0.834745
1.080516
1.029133
0.885686
0.859225
1.241888
1.257772
1.067115
0.960607
0.488811
0.977238
1.023360
1.021295
0.946143
1.076921
0.866302
0.681460
0.944796
0.806064
1.055858
1.006341
1.377555
0.563376
0.875847
0.912216
0.399586
0.948503
0.778786
1.295766
1.115160
0.580936
0.683819
0.832563
0.466522
1.232968
1.031657
0.871791
1.076181
0.831187
1.442329
0.676152
0.689699
0.567367
0.311350
1.222510
0.650873
0.689816
0.873605
1.404579
0.999260
0.741721
0.642737
0.910069
0.727233
1.027047
0.614286
1.176246
0.767337
0.838085
1.165365
0.875231
0.779807
0.772607
0.745392
0.619067
0.921608
0.937297
1.177963
1.125394
1.253321
0.972573
0.938711
0.955101
0.957302
1.132211
0.861229
0.768637
1.348550
1.014370
0.809122
1.107258
1.211010
0.930257
1.169868
1.072817
1.035101
0.937592
1.100448
0.408056
0.823551
1.164524
0.548545
1.160427
0.646868
0.841946
1.065053
0.821493
0.934787
0.911735
0.837839
0.657942
0.787494
1.106921
1.208624
0.564364
0.937721
0.354745
0.809440
0.881567
0.678809
0.977531
0.358710
0.721441
1.186433
0.693002
0.841540
1.028028
0.571149
0.492005
0.741772
0.653741
0.942824
0.750992
0.360390
1.091788
0.510760
0.806059
0.642081
0.883545
0.603025
1.027743
0.218587
1.015226
0.827369
0.911554
0.844299
1.250773
1.460866
1.341962
1.012876
1.028486
1.133761
0.619998
1.056400
1.045309
1.063005
0.807101
1.415773
1.291765
1.187061
0.737660
0.354711
0.977142
1.009269
0.811781
1.055598
0.894763
1.069997
1.020685
1.355976
0.822316
0.914410
0.920800
0.811351
0.412393
1.037540
0.652667
0.977909
1.048166
0.668572
1.109858
0.374129
0.854192
0.928354
0.660108
0.978700
0.818215
0.499657
0.826339
0.925437
0.818363
1.210740
0.834684
0.864273
0.572116
0.835916
0.900676
0.927319
1.033299
0.786128
0.696738
0.401728
0.588145
0.857535
0.602236
0.607926
0.923464
0.743227
0.827275
0.830834
1.048574
0.470734
1.045696
1.424197
0.985501
0.966794
0.921953
1.053381
0.741682
0.958214
0.717207
0.793431
0.855810
1.103226
0.767984
0.985775
1.017185
0.731925
1.132966
1.160306
0.766676
0.652370
0.835616
0.863827
1.491803
0.773501
0.705294
0.683722
0.852179
1.074911
1.029095
1.437198
0.900936
1.102355
0.670942
1.044717
0.722981
0.574072
0.952590
0.663235
0.867035
0.878595
1.183044
1.103567
1.037560
1.097957
0.852053
0.997767
0.695103
1.177116
0.812297
1.195482
0.942579
0.812617
1.155108
0.610073
0.812386
1.175269
0.703059
0.993779
0.913474
0.438633
1.282815
1.241766
1.092105
1.552158
1.497512
0.522022
0.785233
1.056254
0.644730
0.752637
0.652030
1.192364
1.021797
0.632689
0.432480
1.095554
1.083509
0.803755
1.167960
0.872891
0.546597
1.003318
1.083364
0.942649
0.717010
0.337618
0.978345
1.023411
0.767972
0.641715
1.028469
0.764399
1.034181
0.682918
1.093428
0.869327
1.022046
0.795450
1.000956
0.942225
0.425094
0.703563
0.844212
0.267334
0.420464
0.787691
1.157247
0.885878
0.932090
0.790784
1.415406
1.113070
1.044011
0.722506
0.451063
1.231799
0.750616
0.804648
0.942913
1.293174
0.919857
0.956918
1.000752
0.722190
0.682142
1.028178
0.923767
1.053093
0.538178
0.907580
0.942323
0.707994
0.765006
0.612789
0.986498
1.197106
0.877406
0.930147
1.176617
0.920311
1.040835
0.973352
1.185300
0.404718
0.672580
1.038725
1.201347
0.600092
0.905393
0.991154
1.269080
1.304241
0.811640
1.157441
0.852693
0.933718
0.562667
0.931258
1.095522
1.131397
1.111021
0.480365
1.070743
0.909405
1.191035
0.703183
0.924156
0.691986
0.678205
0.487004
0.720827
1.536321
0.675332
0.607425
0.573270
0.972564
0.909157
0.992269
1.097606
0.706143
0.778500
1.147683
0.802071
1.085471
0.971235
0.971199
0.957216
1.319572
0.881994
0.971530
1.066492
1.085276
0.860279
0.843925
0.839780
0.500363
0.814289
0.908270
1.187274
0.555614
0.533314
0.554910
1.017511
0.765863
0.921468
0.824873
0.768142
1.054497
0.905038
1.081424
1.157970
0.814496
1.206320
1.169742
1.076474
1.059879
0.569013
1.088265
1.117626
1.129751
1.025873
0.752420
0.962489
1.109028
1.220694
0.392005
0.700761
0.696594
0.916258
0.847087
0.998670
0.843475
0.967120
0.814422
1.568358
0.837785
0.750030
0.945687
0.709856
0.997540
1.138522
1.014560
0.923203
0.828506
0.872838
1.198851
0.813506
0.865937
0.792267
0.928442
0.767006
0.937625
0.885153
1.082217
0.753697
0.918148
0.536472
1.447922
0.925828
0.737283
0.542246
0.371719
1.032840
0.771019
0.936262
1.547387
1.247799
0.908784
1.264517
0.973857
0.963659
1.055928
1.260751
0.689361
1.029687
1.211222
1.206805
1.021160
0.933617
0.909903
0.799017
1.232508
0.612264
1.017533
0.815488
0.891721
1.158133
0.575011
0.517057
0.676638
0.943254
1.027407
0.410694
0.628972
0.725342
0.974920
0.408920
0.527702
0.897030
0.815359
1.029231
1.254525
0.887498
0.721787
0.977837
0.569995
0.543233
1.000848
1.097689
0.647840
0.672234
0.679082
0.551465
0.740099
0.667091
0.977873
1.298490
0.850752
0.529795
0.835317
0.570197
1.059328
1.017729
0.757893
0.730229
1.186216
0.817177
0.531571
0.615932
0.505759
0.229027
1.333477
1.057931
0.563625
0.781804
1.044196
0.764251
1.184063
0.941847
0.218085
0.527846
1.136335
0.807470
1.025120
0.858464
0.614318
0.962020
0.650024
0.737922
0.849106
1.054820
1.045630
1.162171
0.867538
0.608934
0.965443
0.544140
0.459748
0.326731
0.807791
0.930811
1.042575
0.623918
0.971954
0.974809
0.720040
0.948953
1.413936
1.243115
1.125112
1.206982
0.884611
1.638856
1.084296
0.912491
0.735955
0.528474
0.947655
0.643511
0.640244
1.298068
0.594031
1.139210
0.682672
0.909668
0.390167
1.039094
0.744665
1.135311
1.303603
1.094802
0.651545
0.636405
1.141589
0.662099
0.916185
0.745348
1.397257
1.236106
0.882650
0.746260
1.224027
0.532988
1.286034
0.329490
1.105294
0.964190
0.961227
0.766518
1.054886
0.888755
0.696654
1.030421
0.660095
1.096241
0.505729
0.951876
0.816630
1.231307
0.956064
0.874594
0.806105
0.734754
1.075029
0.508743
0.840837
0.346653
0.874165
0.894267
1.040128
0.986594
0.735296
0.552674
1.095060
1.174657
0.466070
0.735803
0.965770
0.883783
1.242985
0.449414
1.353731
0.428096
1.029683
1.008726
0.240773
0.524607
1.211181
1.191972
1.416988
1.009676
1.062347
0.905523
0.969789
0.887579
0.679132
0.816573
1.024908
0.642258
1.088559
0.953059
0.990502
1.224091
0.890460
0.968346
0.530400
1.470033
0.361809
1.010345
0.999173
1.351087
1.316538
0.584820
0.771578
1.384790
1.242310
1.409732
0.695596
0.641215
0.881078
0.846334
1.351472
1.027656
0.785959
1.005149
0.847237
1.384883
0.531037
0.998871
1.314321
0.641699
0.908188
1.295673
1.028827
1.057426
1.286722
1.145300
0.888620
0.863166
0.781255
0.664938
0.710464
0.868283
0.932529
1.420531
1.200215
0.443485
0.621836
1.127031
1.343298
1.099187
1.128049
1.101683
1.256655
0.912370
0.981046
1.011917
0.883776
0.935288
0.509165
0.906846
0.390030
0.744331
0.295750
0.994592
0.603192
1.083239
1.191336
0.363023
0.508197
0.644279
1.343430
1.188551
0.945293
0.516793
1.266369
0.636892
0.990371
1.275053
1.077295
1.159161
1.206858
0.878149
1.195430
1.141720
1.004362
0.845524
0.875150
0.937233
0.755822
1.252246
0.980231
0.909587
0.899952
0.735781
0.816073
0.846423
0.919177
0.978723
1.355001
0.795546
1.135287
0.930548
0.833005
0.740499
0.932558
0.976913
0.697257
1.323890
1.107945
1.523832
0.789177
1.002985
0.745083
0.894493
1.131766
0.916330
1.043530
0.704483
0.660091
0.993093
0.641265
0.894456
0.935704
0.979299
0.500939
0.901413
0.687908
1.292438
0.605471
1.074418
0.327643
0.598297
1.194247
1.166276
1.383101
0.810662
0.982169
0.765999
0.980611
0.886629
0.551620
0.918890
1.281243
0.473226
1.041733
0.689750
0.987690
1.148741
0.972120
1.036807
0.871461
1.170060
0.861335
1.163899
0.877137
0.589249
1.121521
1.025933
0.817387
1.036899
0.858116
0.914505
0.399111
0.684862
0.960989
0.850820
1.047803
0.621732
1.135073
0.937511
1.063269
0.875241
1.696534
0.292051
0.916565
1.162443
0.836956
0.670320
0.825349
0.674825
1.292222
1.081589
1.116177
0.546577
1.043842
1.004574
0.805543
1.104808
0.949510
0.944962
0.477644
0.835947
0.773725
1.071442
0.722047
0.788046
0.774938
0.349116
0.872844
1.000983
1.355699
0.563050
1.085054
1.217965
0.891614
0.921661
0.636275
1.099103
1.134537
0.832169
0.777653
0.755337
1.106008
0.537014
1.319367
0.789422
0.929261
0.865289
0.948413
0.801191
1.064073
0.996749
1.214199
0.942428
0.975693
0.383003
1.119006
0.988504
1.107836
0.804539
0.952078
1.088271
1.242473
1.121822
0.799607
0.305808
0.875580
0.995508
0.765043
0.673052
0.853800
1.016809
0.948727
0.925357
1.092923
0.834255
0.805359
0.935520
0.782209
0.733962
0.905974
0.866950
0.344262
0.926641
0.809794
1.184803
1.015235
0.540529
0.590795
1.085279
0.929521
0.779685
0.896984
1.071979
0.491718
1.312926
0.628871
0.871882
1.285800
0.498574
0.882960
0.876697
0.768045
0.695414
0.765732
1.345141
1.013480
0.776377
0.646904
0.660787
1.144701
0.995392
0.732242
0.348437
1.204239
0.943479
1.245405
0.838791
0.353835
0.890112
0.456396
0.734350
0.898177
0.990138
1.157119
1.031264
0.921990
0.701452
0.732390
1.222197
1.071771
0.765603
0.975484
0.657867
0.449893
0.603438
0.533634
0.915969
1.166133
0.923028
0.815529
0.822078
0.613854
0.580523
0.411704
0.210919
0.978829
0.860873
1.085394
1.214262
1.062473
0.229208
0.659449
0.725886
0.892755
0.636261
0.617607
0.611904
0.966520
1.117200
0.948556
1.091098
0.760194
1.014174
0.966744
0.887949
0.740566
1.110201
0.939959
0.981461
1.240701
0.650990
1.011089
0.779668
0.707523
0.956784
0.667511
0.486115
0.842861
0.738672
0.198517
0.966156
0.800170
0.997144
1.149709
1.250747
1.265057
0.791403
1.177953
1.152056
1.064525
0.689341
0.645870
0.893358
1.294704
1.239320
0.766960
1.154246
0.916656
1.419880
0.857320
0.905969
0.678323
0.803383
0.514068
1.171407
1.183113
0.778679
0.942174
0.642691
0.966098
0.900909
0.930626
0.967007
0.574728
1.027337
0.710114
1.063894
0.973677
0.732666
1.219340
0.442644
0.978129
0.889167
0.824194
0.910577
0.596167
1.457663
0.805740
0.586257
1.078881
0.502483
0.750874
0.562577
0.942557
1.079891
0.771891
1.114145
0.739910
0.562523
0.703223
1.218253
0.489869
0.786821
1.140727
1.122001
0.621425
1.215408
0.763838
0.923628
0.839719
0.818697
0.874840
0.817024
1.247199
1.070330
0.849778
1.207934
1.336506
1.153440
0.794370
0.843959
0.913252
0.450774
1.017262
0.737466
0.819232
1.102112
1.208047
0.410745
1.466354
0.798637
0.449542
1.270657
0.996142
1.382178
1.000151
0.800162
1.257376
1.066184
0.601321
0.681428
0.812814
0.290040
0.358454
0.684514
0.938948
0.856740
0.952747
0.513947
1.084103
1.151997
0.811001
0.993922
0.975622
1.187040
1.017777
0.935782
0.402675
1.015921
0.647345
1.361782
1.060991
0.732144
1.175424
1.239037
0.568938
0.953683
0.746370
0.830717
1.147624
0.722603
0.332359
0.576781
0.949697
1.189257
0.472015
0.894716
0.672628
0.210830
1.178958
1.047681
0.841553
1.402236
0.984581
0.974093
1.222008
0.852715
0.823130
0.865823
0.761816
0.821522
1.168245
1.299724
1.330811
0.801095
0.915662
0.749769
1.231325
0.978802
0.964216
1.295236
0.606253
0.965122
0.734382
0.923608
1.194482
1.056735
1.015537
1.383883
0.684250
0.644416
0.594855
0.914086
0.808088
1.197015
0.772888
1.100447
1.562108
0.933451
