397.491547
402.831621
398.632653
394.087858
398.821133
401.582228
400.781627
398.126161
397.367193
398.190465
424.262382
396.900342
397.495434
401.216442
398.883887
398.281992
401.171584
399.065215
400.467713
430.714657
397.278436
397.647015
398.663615
400.000025
396.840958
397.370877
399.027025
402.491820
398.354075
396.128953
398.288729
406.085399
399.666681
395.260046
400.586348
397.898530
399.377186
397.782959
398.579174
208.767266
399.506452
396.474582
399.863681
362.646580
398.300661
398.209989
382.005281
401.510139
398.662099
401.391217
394.732262
397.053727
399.768452
398.830066
398.871555
397.231407
398.701010
397.094683
405.560622
402.519216
398.759660
397.397407
398.822566
396.138529
398.333452
398.522672
397.366042
397.121725
397.776977
398.810300
396.858030
401.615816
412.504013
400.557004
398.769713
397.673375
398.232317
395.859417
399.957455
398.141015
397.120032
399.628734
401.629445
367.060907
399.650822
398.624274
397.911903
399.080393
397.678206
394.641306
397.812716
398.215812
398.305361
398.752807
407.618828
415.434857
398.602505
399.613476
397.015118
398.282403
402.745329
396.880894
399.280490
397.263184
386.866589
400.457534
395.612385
396.094608
394.422150
400.132205
399.423166
397.418993
396.929269
398.214230
398.945429
400.649664
398.871796
397.299125
398.288082
398.497065
398.740796
398.638086
397.809357
397.063034
422.586870
397.981790
397.159600
398.014341
403.202244
397.855097
398.418920
256.884537
398.950450
399.157092
397.038828
398.941848
399.594419
399.446776
399.010340
397.475017
398.627062
397.729783
396.054755
399.453092
399.458215
399.417036
403.392744
395.520336
398.341569
401.322248
399.054599
396.634554
398.637349
398.623086
397.756559
401.570807
398.719753
391.580354
399.516253
407.569282
397.217704
396.657579
375.278741
397.158898
396.826519
398.436458
398.969069
396.945255
390.722793
398.656639
398.999910
398.364326
397.941173
399.605994
398.837899
400.572671
398.348952
406.028236
397.940358
398.784492
397.211677
399.381558
401.603948
398.488542
397.473075
396.767529
399.831908
405.290815
397.344140
398.220852
408.257610
397.759915
396.944599
399.013843
394.650057
401.006826
398.547861
393.892876
398.179658
398.952753
398.442138
399.542147
397.967154
398.736055
396.441012
403.564883
399.274072
398.463063
397.648837
399.057021
398.041638
396.300763
398.037197
399.356397
398.706668
396.900313
397.252131
393.606920
399.087162
402.350022
398.320276
399.051460
398.936439
397.410848
399.329750
398.820817
399.051428
389.845042
397.868965
400.897983
399.096412
400.067749
398.186768
398.408020
400.200139
393.836008
400.075241
395.571930
399.459603
398.583004
399.022885
398.362545
400.659815
396.768287
398.932267
397.893894
399.379917
401.506814
397.610210
398.869454
398.536953
398.842709
393.652999
397.875144
398.074141
403.929663
398.211990
398.070535
401.480872
399.291967
399.124175
398.420086
398.472458
403.718201
406.230419
398.688805
397.866813
400.716456
400.157943
398.529954
399.504562
397.961344
396.998164
393.544448
398.566715
400.215883
397.144929
397.127435
397.642812
399.447005
395.535411
398.941243
399.452113
398.024986
398.375982
399.692837
397.426602
389.744570
398.736486
395.051310
399.585669
396.857501
392.270161
399.027819
400.207094
388.789546
397.842876
399.301167
401.379129
397.327698
392.168385
399.976150
399.925047
403.911525
398.526268
399.053893
396.953747
397.966307
397.407456
398.633539
398.745475
399.378719
393.126724
398.331629
399.442379
386.200915
399.984627
388.830265
398.798625
401.105555
397.091895
399.641000
397.382812
397.686348
398.151081
398.033785
398.411991
356.115939
395.431902
397.652539
400.459479
397.956871
398.387886
398.810275
398.547487
397.744588
398.738287
399.209534
398.333589
399.648692
400.934715
398.646625
400.053476
400.233915
391.227815
379.177176
398.173932
412.319387
398.754969
399.043011
400.222026
395.856826
461.748181
396.928594
398.228765
398.424256
418.712547
394.882951
398.306112
399.125706
396.111374
412.657046
398.155370
399.345326
401.751313
399.494429
398.460648
389.049277
406.196890
398.591923
394.950216
399.322360
397.047221
402.446748
389.248468
359.385151
398.058045
399.047720
443.772798
398.104925
395.575000
397.187847
409.147160
397.641394
397.827466
397.771087
398.129319
400.204256
397.897923
390.254773
399.352990
397.473153
398.312446
396.898470
398.994141
406.514298
399.715964
8.562998
398.887495
400.042297
398.386531
398.792647
400.019200
401.271715
396.726937
387.352127
397.089541
396.299231
398.174377
398.088879
400.922311
398.640279
391.926582
399.748684
399.121804
398.910211
399.470785
399.816312
398.458505
398.591656
398.788459
394.786615
397.435696
376.814999
399.211412
399.146163
394.710119
399.127007
399.329311
398.945479
397.689491
399.145821
399.492127
397.494157
386.007323
401.112899
398.377868
397.812427
397.735953
401.466986
399.053677
400.465301
400.166930
397.175624
400.508413
390.569360
396.989146
396.487289
397.877371
393.125681
398.524093
395.426924
402.654242
397.668126
401.299559
400.366725
398.037753
397.922272
394.485247
397.151736
407.468059
398.520329
398.584581
393.484678
341.592242
399.206346
397.812225
398.059531
398.355618
396.627250
397.675590
397.235482
398.852093
397.120514
400.212883
396.515563
398.689988
396.411951
427.043489
398.229349
397.844244
398.661865
396.242866
395.404808
399.313673
392.284949
400.985921
400.251534
398.638164
397.047269
395.212190
398.448580
398.696615
429.228953
399.792322
398.832666
400.111134
397.972471
400.283467
399.170045
394.977821
397.101131
396.555441
391.282190
410.634595
191.722000
396.805389
397.139473
400.550365
397.967397
395.328631
397.537157
396.499437
394.505163
398.419803
396.857652
400.546295
397.540977
411.241577
415.160812
400.757473
382.097148
398.713142
409.598415
397.336682
397.891304
392.548996
392.755098
398.785797
399.274436
397.939808
397.960990
400.551440
397.494561
399.137266
396.778854
398.377184
407.056117
397.900846
399.593697
416.690144
398.171981
400.810390
400.864440
399.496976
394.953947
400.246357
396.022204
398.649073
397.774368
397.339968
396.488685
397.728940
398.782200
398.194776
402.752739
396.314349
398.166973
401.519884
398.203439
421.164978
390.818305
397.498563
396.796049
397.571384
397.569055
398.350868
398.170098
398.523869
404.998161
398.100473
395.622397
395.327215
399.758064
399.456454
368.901015
398.547689
390.700349
398.467058
398.621567
398.490482
397.520208
411.935894
397.643235
365.890953
397.981154
404.487749
398.552633
401.056705
398.654536
398.171508
398.500454
397.712437
395.928567
398.055492
399.113620
399.850220
398.325096
397.688647
398.314966
398.767960
393.176730
399.160539
397.135643
396.084706
391.553260
398.299435
385.549993
398.394757
398.185623
402.138343
400.180393
397.541645
398.811467
397.552419
397.820803
398.503232
398.166941
384.458115
397.949524
398.908580
410.436309
388.407889
396.814742
398.104802
406.195886
385.631351
400.497222
399.036688
398.429618
398.382296
398.992145
397.647579
399.042914
401.439618
395.451625
398.340850
380.272044
395.327614
398.487535
398.904993
391.129775
398.787186
397.882393
396.288256
395.872339
400.006150
398.234606
398.452794
398.285468
399.955802
400.348871
400.888470
395.246357
395.517563
398.355869
398.374336
397.844117
400.642128
401.606184
398.626850
398.041148
396.344936
402.321872
401.455005
400.308737
394.412798
398.388778
397.395696
398.703403
396.973195
410.286768
404.092007
398.680669
398.040432
395.836383
398.338305
384.884822
399.253762
398.934760
390.160208
398.520612
397.632858
398.400774
400.845384
399.456354
394.962437
398.314895
398.373768
399.844297
397.104535
398.604886
399.560767
398.077928
401.532990
396.244309
398.333967
399.301688
397.489844
397.012181
401.978663
399.257149
397.455361
398.018561
391.398351
403.050245
398.106994
398.205051
400.937138
399.584954
383.563283
398.225464
399.448649
399.410692
399.885564
398.627432
397.442612
398.650298
397.255206
397.080528
397.468419
399.899243
402.983658
398.933789
399.379145
398.049623
400.151069
396.952933
411.126886
397.411035
398.974473
399.298686
398.542253
398.584683
398.545803
397.638636
399.070241
392.529136
399.119200
396.731771
394.909512
400.962085
398.781404
398.505787
397.017242
398.470190
399.224913
397.850543
397.601718
397.280330
399.382871
397.180574
405.635107
394.556417
392.425513
402.806683
398.815098
402.444755
398.009200
403.362341
399.103350
398.657864
398.759396
398.462828
406.737067
398.053810
397.324360
398.139407
397.987534
400.052717
398.584294
398.568798
398.938781
399.081147
396.385446
396.698465
396.958518
396.307643
392.585158
398.604425
400.135278
398.275114
387.633655
399.189775
397.165909
389.665763
397.524048
398.409128
397.942902
399.183984
398.102793
392.467830
398.888010
403.567445
425.180527
401.728296
398.071099
398.191282
413.202891
398.653524
399.377173
399.170729
397.747463
400.313642
397.922944
395.627989
384.331398
394.656174
379.201597
397.483531
399.644661
396.369958
408.465287
398.062807
397.302828
399.058723
397.129097
401.906085
401.372686
404.048173
398.286349
398.277285
398.556729
398.293050
398.432779
401.665954
398.479436
398.315460
395.318020
398.001901
400.136529
398.677042
399.098634
398.494122
396.739300
408.433613
397.487300
397.719622
398.266824
404.321405
396.681708
398.208119
399.398824
398.997973
396.404596
398.161728
400.240652
399.447051
398.727691
398.755138
398.818811
399.044111
394.577945
396.153102
397.891611
396.880965
401.534989
398.173552
397.449188
389.215885
396.354072
401.371883
397.833548
396.538325
399.840707
398.792099
400.569688
398.969680
399.160648
398.795228
400.788133
398.684840
400.513715
398.706099
398.459881
395.456650
398.804478
402.888243
398.896452
398.347493
399.223743
400.804241
398.296372
400.649549
398.167678
398.599410
397.001650
394.988071
400.088588
401.397121
394.727919
419.151440
398.655246
398.205071
397.520210
397.758666
399.548054
397.276163
403.146304
398.934240
600.560603
398.055411
399.764734
392.299009
399.407404
669.944524
397.470988
400.414347
484.392609
397.610991
514.866810
398.734213
397.466179
397.510569
397.277030
394.507940
399.340612
398.750144
397.947925
399.022392
397.096090
397.295239
397.396699
398.437408
400.322312
392.019144
398.283520
326.665043
398.355432
397.777235
401.170145
398.809534
398.186583
400.131144
398.314994
397.082204
398.426813
398.745635
399.175034
398.702338
399.075395
398.549074
399.035317
398.353818
397.947427
390.119865
397.907584
398.309458
398.134303
398.264841
380.519492
400.498311
396.752994
393.561138
212.836343
447.694496
399.545722
393.667563
397.242541
399.997318
397.871416
404.795582
400.008397
397.905749
396.038025
400.699271
393.361283
396.541999
408.730415
397.555164
398.992754
397.926597
397.538586
397.842642
385.981460
401.487935
398.641822
396.859070
397.749947
395.934184
398.663685
391.922891
388.105221
399.693857
398.445480
397.119719
396.235573
398.331784
408.338575
396.812227
398.193940
397.921256
397.592357
399.091269
397.017849
400.126988
395.926557
397.157587
397.917063
409.376100
